231.00
406.00
432.00
483.00
404.00
418.00
93.00
80.00
907.00
148.00
506.00
198.00
725.00
160.00
628.00
661.00
148.00
57.00
527.00
438.00
111.00
847.00
632.00
128.00
495.00
106.00
271.00
895.00
272.00
531.00
407.00
3.00
556.00
56.00
907.00
413.00
361.00
840.00
468.00
639.00
402.00
360.00
598.00
163.00
604.00
713.00
649.00
859.00
19.00
537.00
840.00
555.00
34.00
529.00
37.00
858.00
9.00
326.00
293.00
658.00
967.00
112.00
358.00
718.00
346.00
361.00
316.00
236.00
768.00
342.00
961.00
429.00
202.00
110.00
718.00
717.00
521.00
364.00
310.00
731.00
306.00
360.00
821.00
500.00
222.00
480.00
393.00
532.00
512.00
712.00
447.00
322.00
917.00
636.00
767.00
695.00
679.00
85.00
861.00
